119
137
143
174
175
187
206
247
271
280
312
338
402
444
564
598
612
679
681
702
727
750
753
772
774
784
785
807
888
937
942
947
948
977
978
996
1046
1054
1130
1176
1775
1935
1978
1983
1986
2019
2022
2082
2083
2088
2092
2094
2099
2118
2123
2130
2131
2140
2141
2145
2148
2153
2156
2160
2161
2162
2170
2179
2182
2187
2216
2244
2249
2265
2266
2267
2284
2335
2337
2349
2366
2369
2370
2375
2381
2391
2405
2431
2435
2441
2471
2474
2477
2478
2484
2519
2520
2541
2551
2554
2564
2576
2578
2583
2585
2610
2616
2662
2678
2708
2710
2712
2719
2720
2723
2726
2727
2732
2733
2749
2756
2762
2764
2770
2771
2789
2794
2801
2802
2803
2812
2818
2881
2895
2905
2907
2913
2955
2972
2973
2995
3007
3009
3016
3019
3032
3042
3059
3080
3100
3105
3108
3114
3117
3121
3148
3151
3152
3156
3157
3161
3162
3168
3180
3182
3198
3219
3226
3241
3261
3278
3291
3292
3305
3308
3324
3331
3333
3339
3340
3342
3345
3348
3354
3355
3365
3366
3372
3373
3385
3386
3393
3394
3397
3406
3410
3414
3440
3446
3454
3463
3467
3475
3476
3478
3488
3494
3510
3516
3519
3559
3562
3598
3637
3639
3647
3652
3657
3658
3672
3675
3676
3686
3690
3696
3698
3702
3715
3724
3730
3736
3737
3739
3741
3742
3743
3746
3749
3759
3763
3767
3776
3779
3783
3784
3793
3821
3825
3826
3827
3830
3869
3878
3883
3899
3902
3911
3948
3950
3954
3957
3958
3961
3964
3998
4004
4011
4030
4032
4033
4034
4036
4044
4054
4057
4058
4060
4062
4064
4075
4078
4086
4091
4095
4100
4101
4107
4112
4114
4120
4121
4139
4158
4168
4170
4171
4173
4174
4178
4189
4192
4195
4197
4201
4205
4211
4212
4236
4409
4421
4436
4440
4449
4454
4456
4463
4473
4485
4493
4497
4499
4506
4510
4539
4543
4567
4583
4585
4594
4595
4601
4614
4616
4634
4636
4649
4673
4679
4680
4723
4725
4737
4740
4748
4756
4763
4768
4771
4775
4828
4829
4845
4870
4886
4891
4893
4906
4908
4909
4911
4912
4913
4914
4915
4917
4919
4927
4932
4934
4935
4943
4946
4976
4991
4993
4999
5002
5029
5035
5070
5071
5073
5078
5090
5095
5152
5161
5193
5206
5210
5212
5214
5215
5238
5245
5253
5291
5311
5314
5318
5320
5333
5344
5358
5359
5379
5381
5391
5394
5401
5403
5411
5419
5426
5430
5452
5453
5472
5479
5482
5487
5503
5505
5508
5510
5526
5533
5546
5556
5564
5566
5572
5574
5578
5582
5584
5591
5593
5596
5625
5656
5665
5717
5719
5732
5734
5735
5743
5746
5754
5755
5757
5770
5775
5780
5785
5815
5819
5825
5833
5852
5865
5878
5904
5905
5909
5920
5959
5961
5978
5983
5991
5994
6005
6006
6010
6013
6018
6037
6041
6049
6058
6167
6196
6215
6230
6234
6238
6249
6251
6252
6256
6305
6322
6446
6476
6503
6691
6741
6832
6834
6869
6883
7028
7029
7187
7638
7699
8053
8223
8226
8230
8271
8378
8549
8612
8784
8813
9003
9034
9052
9294
9433
9444
9642
9651
9681
9782
9873
9878
9904
10100
10133
10340
10413
10531
10547
10607
10631
10836
10917
11333
11339
12035
12555
12560
12620
13109
13344
14051
14756
14791
14888
14969
15209
15541
16078
16230
16362
16850
18283
18381
19090
19493
19648
20279
20469
20585
20824
23897
23954
23987
24066
24393
24750
24843
25419
25959
26133
26757
26924
26987
27350
27400
27447
27661
27991
28417
28486
29029
29327
30323
31100
31307
31378
31401
31477
31703
32169
33036
33255
33613
33624
33741
34312
34632
35370
36294
36339
36462
36811
37392
37464
37542
37768
38852
38904
39042
39147
39186
39468
39764
40463
40692
40703
41684
41693
41744
41774
41781
41867
42113
42890
43232
43672
43805
43815
44093
44187
44257
44564
47319
47320
47471
47641
47725
47811
47964
50224
50294
50599
51038
51263
51634
53024
53232
54384
54454
54687
54746
54840
54889
54891
55245
55480
55891
56329
56338
56959
57363
57469
59226
59768
60164
60198
60464
60606
60613
60648
60656
60695
60699
60714
60726
60749
60753
60772
60774
60779
60795
60814
60822
60825
60830
60834
60837
60843
60846
60852
60853
60855
60857
60871
60877
60934
60936
60946
60953
60961
62816
62819
62867
62886
62959
63009
64139
64142
64147
64710
65014
65016
65027
65028
65492
65628
65863
65981
65999
66376
68740
68844
71158
71301
71329
71348
71362
71368
71384
71387
71415
71616
71771
72466
73303
73491
74989
77990
77992
77993
77999
82146
82153
83898
84029
89594
92253
92721
93184
93860
101526
104741
104758
104865
105124
107732
107807
110634
110635
115237
115355
119182
119569
119607
121396
123600
123606
123631
124087
125017
126941
129211
129228
130881
131204
131535
134018
135113
145068
146570
148121
148123
148192
149096
149436
150311
150610
151068
151075
151165
151171
153311
153921
153941
154058
154100
154417
156391
156418
157920
157921
158786
159269
160051
163091
163742
165579
166548
168708
168924
170361
174174
175804
176870
193962
208902
208908
213039
216235
216237
216239
216326
219024
219078
222786
241902
247839
259331
383413
392622
410087
439260
439302
439693
441074
441129
441140
441199
441276
441277
441290
441300
441314
441335
441350
441383
441401
443872
443878
443936
443943
443958
444013
444030
444795
445354
445643
446155
446156
446157
446220
446541
446556
446596
447043
448812
449171
449193
449677
450096
451668
456201
460612
466146
468595
636380
644073
644241
657180
657237
657298
667477
667490
941651
969472
1349907
1548886
1548943
1548952
1548999
1549007
2723601
2724385
2733525
2761171
3001055
3002977
3005572
3005837
3011155
3033637
3034010
3052775
3062316
3081884
3081921
3083544
3086257
3086400
4369359
4517618
4659569
5280360
5280427
5280452
5280453
5280483
5280723
5280754
5280793
5280962
5280965
5280972
5281004
5281006
5281008
5281011
5281021
5281034
5281037
5281040
5281042
5281071
5281075
5281081
5281090
5281099
5281104
5281106
5281107
5281881
5282044
5282226
5282241
5282379
5282381
5282411
5282429
5282451
5284371
5284513
5284537
5284549
5284566
5284570
5284583
5284592
5284596
5284603
5284616
5284627
5284631
5288783
5288826
5311000
5311027
5311051
5311052
5311066
5311067
5311068
5311101
5311167
5311181
5311221
5311236
5311304
5311309
5311412
5311489
5312125
5324345
5329102
5352062
5353562
5353853
5353894
5355130
5359476
5360126
5360373
5360515
5360696
5361092
5361917
5362032
5362070
5362118
5362123
5362129
5362420
5362440
5388961
5458213
5460135
5462516
5478817
5479529
5479530
5479537
5481173
5481350
5484727
5486971
5487301
5488547
5493381
5493444
5702160
5742673
5742832
6003770
6321411
6323490
6323497
6326970
6333887
6335412
6335986
6337614
6433272
6435755
6436173
6442177
6445540
6474909
6509979
6533629
6602291
6604100
6604200
6708482
6714002
6850789
6915944
6917715
6918010
6918140
6918155
6918296
6918365
6918438
6918456
6918462
6918493
6918554
6918558
9552079
9568613
9571107
9578005
9578572
9690109
9815560
9833444
9838021
9854489
9865442
9870843
9875401
9916860
10113978
10909430
11243969
11598201
11979316
16129616
16129617
16129665
16129672
16129682
16129690
16129703
16129704
16130295
16130957
16131215
16132265
16132283
16132344
16132418
16132438
16132441
16132446
16133810
16136245
16157882
16682734
21585658
23668479
23724511
23724530
23724781
23725062
24836902
24836904
24847866
25074886
25077179
25077648
25077993
25078009
25081014
25181561
44146714
44147092
44387541
45267081
46174086
46174087
49800003
